0111161
0468569
1375666
0137523
0109830
0110912
0816692
0133093
0068646
0120737
0167260
1345836
0114369
0167261
1853728
0172495
0372784
0361748
0993846
0102926
0120815
0848228
0076759
0108052
7286456
1130884
0482571
0407887
0120689
0499549
0080684
0071562
0209144
0088763
0120338
2015381
4154796
0099685
0110413
0169547
0325980
0910970
0266697
0120586
4154756
0434409
0120382
0103064
0114814
0110357
0371746
0086190
1049413
1431045
0266543
0081505
0112573
0105236
0264464
1392190
0338013
0073486
0114709
0107290
2267998
0167404
0477348
0119217
0082971
0268978
1392170
2488496
0198781
2582802
0078748
1201607
0095016
0088247
2395427
1675434
3659388
6751668
0075314
0208092
0086250
0800369
1300854
0253474
1843866
0458339
0180093
0435761
1010048
0066921
2278388
0145487
0903624
1228705
1454468
0416449
1663202
0118715
0120915
0050083
10872600
0246578
3498820
0241527
0121766
1119646
1825683
0245429
3315342
2084970
7131622
0083658
0947798
1205489
0770828
3501632
0097576
0480249
0060196
0382932
0378194
0401792
0317248
1211837
0317705
0211915
0892769
1392214
0093058
2096673
0383574
0090605
8946378
0121765
2975590
2543164
1285016
3896198
1877830
1877832
1045658
2024544
0118799
1160419
1074638
2911666
1631867
5013056
0126029
1270798
0117951
1981115
1386697
0405159
0478970
0116282
1136608
0054215
0816711
0062622
2802144
1504320
2250912
0113277
1951264
0078788
1670345
0457430
1170358
0316654
0451279
0948470
0780504
0381061
0144084
0421715
0449088
0295297
3748528
0304141
0369610
0418279
0107048
5052448
0330373
2527336
0988045
0454876
2562232
0440963
1798709
2294629
8579674
0758758
0073195
1637725
3460252
3783958
0114746
0120903
1745960
4633694
1024648
1446714
1856101
0936501
0162222
0469494
0413300
5463162
0234215
0796366
0829482
0099785
0373889
0364569
0075148
0120363
1156398
0120735
0240772
0119488
0332280
1219289
0119654
0116629
1276104
0034583
4154664
1232829
2872718
1396484
3890160
1250777
0365748
0926084
1343092
0443706
0417741
11286314
0450259
0181689
10811166
0409459
0470752
1727824
2119532
1323594
0290334
0258463
6644200
6723592
0343818
0071853
0096874
2380307
0332452
2310332
1298650
1318514
0112641
1570728
0454921
1483013
1022603
0467406
1457767
0945513
6966692
5027774
1659337
0095953
6320628
0242653
0376994
4972582
2948356
2713180
0425112
0097165
1872181
0087469
0356910
1411697
0458525
2872732
1663662
1270797
0206634
1229238
2179136
0800080
0099487
0289879
0047396
0790636
0057012
0367594
0314331
0449059
0268380
1477834
0448157
1979320
0441773
3183660
1800241
1790864
0119116
4425200
1408101
0298148
1895587
1291584
2245084
0092099
1430132
6710474
0362227
1568346
0367882
1535109
1951265
1454029
0038650
0398286
0372183
2527338
1840309
1099212
0335266
1723121
0327056
1515091
2980516
0101414
0974015
0099088
0319262
1677720
0887912
0407304
1596363
0830515
1535108
1630029
1499658
0217505
0325710
0139654
0117060
15398776
2103281
0033467
2379713
3397884
0405422
9419884
0319061
3385516
0780536
0317219
1210166
0446029
0382625
0120616
0103639
0084787
0387564
1772341
0458352
0375679
0765429
0093773
0120591
1605783
0093779
3170832
1950186
1259521
0360717
5580390
0070047
0942385
5095030
0119567
1637688
0217869
0087332
0289043
1014759
1355644
1217209
0443453
2382320
0091763
0831387
0092005
1245492
0083866
0105695
0347149
1399103
0351283
12361974
0088847
0163651
0369339
2584384
0315327
1055369
1187043
0086879
0032138
0052357
0119698
0119174
9376612
1690953
0363771
0337978
0079470
0099674
1302006
0265086
1060277
11564570
0181852
0377092
1905041
3480822
0232500
1282140
6146586
0361862
2820852
0110475
0840361
2283362
1517451
0349903
6264654
0493464
0109686
0405094
0455944
2381249
0112864
1596343
2294449
0096895
0120912
2582846
1542344
1587310
0119094
0118971
1190080
0454848
12593682
6334354
1632708
0443543
0230600
0111257
0317740
0964517
0317919
0104431
0408236
10648342
0328107
0478311
1409024
1453405
1490017
1706620
0286106
0091042
0338751
1068680
0162661
0099423
0448115
0166924
0117571
0388795
2737304
2194499
0438488
8772262
8367814
0343660
0357413
1182345
9032400
0081398
1371111
0396269
3778644
1907668
0147800
0120755
0087843
0363163
0477347
0298130
0395169
4912910
0113497
0119396
0360486
1650062
1065073
0096283
0120663
3521164
1748122
0496806
2948372
1320253
0047478
0107688
0790724
3799694
7784604
9764362
1646971
1517268
1231583
0077416
0878804
1951266
0910936
0117500
1403865
4649466
2106476
2798920
1104001
0822854
0212338
0389860
0120601
0368891
0433035
2788710
0100802
0887883
0213149
1179933
1041829
1193138
0100405
0462538
0167190
0064116
0238380
0071315
1707386
0209163
0053125
0120667
1306980
0110148
3731562
0163025
4881806
1790809
7653254
1037705
0970179
0116367
0359950
0399295
1591095
0125439
2322441
0884328
6791350
0386588
0112471
1951261
0031381
2109248
0056592
2771200
0119528
6857112
0944835
0381849
1638355
1645170
0472043
0413267
0190590
0094226
4975722
0399201
2004420
0119008
0094721
0175880
1981677
0129387
3682448
0453467
0425210
0332379
0103776
1245526
3606756
0105323
0414387
0212720
0489099
1764651
0109040
1397280
0119177
1125849
0293662
4925292
1152836
1790885
0449467
0103644
0118880
0119822
1197624
1194173
0814314
1598778
0278504
1253863
0838283
3110958
0120201
2140479
0298203
0106977
0112384
0265666
0120623
7888964
1028528
0056172
0120762
1302011
5727208
0457939
0808151
1478338
1013752
3076658
0320661
0379786
1028532
7991608
4034228
5311514
1485796
1091191
4123430
0473075
5726616
1735898
0800039
0095327
0120669
4550098
2397535
0077651
2316204
0203009
1259571
2277860
1213663
0783233
0077631
1133985
4160708
0120611
3065204
0463985
0258000
0438097
0089218
0319343
3263904
0322259
0121164
7349950
0800320
0187078
0348150
1340138
1343727
0181875
0187393
2302755
0463854
3040964
9114286
0118884
0450385
0212985
4263482
0120812
0196229
0437086
1192628
0289765
7126948
10366206
1001526
0097757
0061722
0452623
1650554
1817273
0107614
6139732
0120804
0099348
0401729
1386588
0411477
0290002
7349662
0151804
0259711
0116695
0183649
0320691
0486655
0381681
0112442
0104257
0257044
0338526
3402236
9243946
0955308
0190332
0053291
3464902
0175142
0185937
0118749
1077368
2674426
0286716
9362722
0095765
0111503
0486576
0803096
0070735
2024469
0075686
0093870
0215750
0170016
0368447
0837562
3450958
0195714
7975244
0221027
0093409
1922777
1979376
5362988
1931533
10838180
0443272
0072890
0059578
0432348
0083944
0102057
1401152
4046784
2361509
1375670
0363547
2381941
0429493
0113189
0252866
1385826
0497465
1823672
0795421
0118688
1959490
1386703
0112462
0478087
1092026
0824747
1855199
0172156
0364725
0448134
0309698
1032755
0396171
0358273
6443346
6105098
8332922
1706593
1601913
0082096
6823368
3235888
0479884
1564367
0251127
0118583
1673434
0432283
1080016
0119643
8228288
7713068
0243155
1325004
0825232
0765443
2660888
0985699
1440129
0976051
0087800
0120660
3079380
0045152
0057115
0080339
1832382
1211956
3228774
2935510
0027977
0327597
0107818
0080678
1243957
8936646
2293640
0118655
1798684
1179904
2126355
0059742
0844471
1212450
1731141
0134847
2704998
1324999
0898367
1189340
2908446
0163978
0245712
0978764
0465234
0052618
7097896
0108550
0399146
0092890
0259324
4630562
1033575
0119282
2953050
4846340
0183505
1655442
0144117
0414993
0110632
3741834
10954984
5442430
1148204
2229499
1051906
0335345
2582782
0486822
0145660
1464540
5700672
0448011
0315733
0123755
0485947
1436562
5109784
1959563
1210819
2005151
0479952
0116483
0462499
7984734
0120855
1289401
1411238
1424381
0302886
2321549
0384537
0435625
1588173
0983193
0117509
0117381
1464335
0299658
0087363
0296572
0116996
0087538
0430922
0083987
11138512
4196776
0108399
0250494
0112697
0914798
1234721
2209764
0758774
1649419
5164214
5580036
2184339
0408306
0265208
0420223
0094737
0373469
0098635
0266915
0117665
0032553
2334879
0311113
0374900
1599348
0138097
0043014
0376541
0103874
1220719
3281548
0099653
0187738
3553976
0109445
0050212
6806448
0142342
11813216
0409847
0112281
0063522
1124035
0106519
0479143
0058461
1972591
2719848
0427944
0083907
1142988
0338348
0100157
0481499
0210945
5034838
0287978
1649418
2883512
1636826
1980209
0246460
0079817
0133152
0425061
0120655
0416320
2637276
0128853
0134119
0305224
1016150
1219827
0212346
1139797
2404435
0397892
0064115
1365519
1272878
0333766
0959337
1605630
1132620
2463208
0089927
1321870
0499448
9777666
1667889
1077258
0892791
0295178
0094898
0120917
0281358
0356150
1305806
0207201
1291150
3704428
0097428
0129167
0339291
0079501
0758752
0181865
0452608
0431308
0146316
11866324
0067992
0488120
1155056
4555426
0328828
0949731
1428538
0461770
1046173
5083738
1899353
1127180
1398426
0103772
1623205
1606378
0195685
2709768
0838221
2234155
0075860
0158983
0096438
0388482
0974661
15097216
0029583
7846844
0960144
0308644
3011894
0090756
2334873
0099810
1284575
0481369
0101540
1340800
0080455
5606664
0118929
1216475
0370263
0117705
0088846
1078912
0337563
2316411
0362270
0117998
10954600
1120985
0143145
0050825
1815862
0318627
0401855
1013743
0097958
1489889
0084602
0118571
0363988
2094766
0870154
0114898
0489270
0371724
1700841
0275847
1111422
0993842
0477080
0353969
0130827
0829150
0102798
0172493
0366551
0120630
0120082
1458175
1723811
2406566
5074352
0432021
0986264
0985694
4513678
0120347
0418763
0094012
1606389
0106856
2446042
0111282
0139134
2345759
0056869
4779682
0268126
0120685
0074285
3532216
6499752
1155076
6565702
1872194
0241303
0058150
0375063
0094625
5519340
0114148
11083552
1213641
1469304
6718170
9620292
0183790
0116209
0814255
2873282
2338151
0120863
0102685
0091064
0810819
3569230
0366548
0756683
3631112
3741700
2557490
1655441
2053463
0086960
0415306
0106677
0352248
0128445
3416742
0385752
0307453
0061852
1560220
0120746
0112851
0244244
0050976
0109506
1646987
0160127
0455590
8041270
1059786
1277953
0142688
1617661
1288558
2239822
1596350
2333784
0021749
0119081
1488555
1038988
1527186
0122690
2906216
0266308
0375912
0053604
8106534
0272152
0106308
0398165
1255953
1596365
0443680
1229340
0276751
1465522
0082694
0462322
1355683
2023587
6450804
1964418
1070874
0113247
0054698
0063442
2066051
0106697
10293406
0450278
1446192
4857264
0200465
0146882
4520988
0448694
0120647
0096754
1661199
0108160
1628841
0299977
1935179
1583421
0327084
3062096
0293429
0389722
0359013
0061512
0097733
0295701
1033643
5104604
0138704
2226417
0046912
3104988
1226229
3470600
0918940
0078346
1217613
0978762
1935859
0107207
0307901
4701182
4209788
1231587
1560747
12801262
10288566
13833688
3766354
0478304
0993840
0311429
0109707
0104691
0017136
0058331
2170439
1007028
0145681
2231461
0454841
1001508
0095705
10888594
0439572
0293564
2404463
0986263
10272386
0089880
1809398
0041959
7556122
1013753
0120188
1821694
0100403
4776998
5884052
0072684
0055254
1860357
7144666
0092991
0309593
0140352
0110322
0087544
10028196
1220634
0072271
0380510
0970416
2369135
7668870
0387808
2267968
0042876
0372588
2080374
5848272
0092067
0465494
0055928
0104714
0120744
0215129
0117913
9770150
0445934
1411250
0177971
9484998
1528100
0389790
0346491
1253864
0084516
0115798
0101272
1129442
0120484
2543472
0349683
1502712
0272338
7657566
4729430
0892782
4244994
0177789
0442933
7798634
0988595
0465538
0832266
0040522
0088944
1502397
0274166
3322940
0257106
0454945
5715874
0042332
3393786
0122151
1279935
0938283
0408790
1139328
0117008
0087182
4276820
1335975
0859163
2209418
0458481
0498380
0472399
0330793
2140373
0963966
0285823
0398808
0116583
4178092
4116284
2848292
0105793
1462758
3300542
0103074
0074958
6155172
0424136
1262416
1091722
0393162
0102138
0834001
1057500
0072431
0120891
3640424
0066999
0022100
0822832
5109280
2191701
3371366
6856242
0033870
1502407
0159097
1242460
0435705
4016934
0036775
1980929
0990407
1568911
0266987
7146812
9639470
0097523
0980970
0094291
1267297
15791034
0085334
8079248
0093894
0120681
1189073
6412452
1618434
0120587
0109831
0073629
0464141
3521126
0047296
0118694
5814060
5052474
1563738
2042568
0108358
0086465
0107362
0780521
1611224
6628394
4123432
2278871
3774114
0122933
0890870
1714206
1496025
0261392
2975578
1600196
0134084
6294822
0099938
0082198
0120888
0385002
5439796
0340855
7040874
0247638
7740496
8178634
0381707
0358082
0128442
6266538
0473705
0397535
0053285
1568338
1188729
3915174
0097814
2692904
5308322
1121931
7322224
4566758
5433138
0032910
0452694
0876563
0410297
0276919
0989757
2554274
1727388
4500922
0119345
0780571
0093437
0350258
0306047
2120120
1314655
0106489
4172430
10366460
0465602
0159365
0430105
0277027
1034303
0099077
1403981
3794354
0443274
0093748
0413099
0112508
1054606
0335438
1441395
0088323
0889583
0082340
0257076
0762107
0120102
0113568
0805564
9603212
0079417
11214590
0369441
1638002
0120768
1334260
0301357
6343314
0034492
0119738
0080761
0475394
0414982
0040746
1764234
0043274
10954652
0307987
0280590
0093105
0116922
0090728
0101507
0095159
0324216
0120783
0046183
1389137
0471042
0391198
13143964
0107120
0277434
10640346
0322330
5022702
1758830
7959026
1855325
2381111
11245972
0451079
0071230
12844910
1399683
1019452
0373074
0100507
13560574
2203939
3469046
1100089
7395114
0387131
2101441
1058017
0804497
0093822
5140878
16419074
2180411
1390411
1939659
0100814
1915581
3567288
0091369
0245844
1131734
0472033
0164912
1351685
0046250
0079522
0088258
0048280
0089530
2561572
0242423
0079116
1549920
0103855
7984766
1648190
0091203
0290673
0277296
2386490
10698680
0032976
0417148
0106918
2034800
0253556
8847712
0325703
0312004
5108870
0120784
2096672
2283336
5363618
2854926
15474916
2446980
0905372
0118842
0112642
0815236
8097030
0057076
13320622
0343135
0259446
0120794
0097441
0947810
0790736
3316960
9421570
5462602
1588170
5776858
9893250
0251160
4052882
0079944
0256380
2866360
0475290
3152624
0481536
0816442
0292506
0054331
0149261
1615147
3829266
1086772
0765010
0096256
0249462
1488606
0100150
0134273
0424345
0033563
0482606
2024432
0096928
4786282
0044079
1924435
0263488
1034032
0379725
1172570
0384793
1634122
2402927
2510894
2222042
4698684
3531824
0095956
1538403
5971474
8009428
1174732
0452594
1055292
2177771
0404032
3874544
0106582
1878870
0274558
1205537
5886046
2582496
0427327
11291274
1234548
2388715
0042192
0164052
4302938
0070511
0104952
0093177
0325805
1204975
0063350
1790886
0125664
0070608
0114069
2305051
1571234
0424095
7405458
4062536
0918927
0443649
0120789
9495224
1448755
4846232
0087928
0251075
8110330
0450232
11271038
0096320
0842926
3488710
0870984
0107977
0365737
1615065
0433362
0184894
0117438
0051201
0161081
1462764
0385880
1132626
1038919
2631186
0089881
0227445
0118617
1616195
0421239
4651520
3289956
0092965
0012349
0133751
0257360
7069210
2692250
0453451
1298649
0402022
0305357
0112431
0067116
0113627
10731256
0397065
1692486
0070666
2884206
1536537
0758730
0431197
4034354
1860213
5758778
12915716
2763304
0117731
8404614
0040897
3410834
0120657
12263384
1862079
0230011
0480687
0265459
0468492
4873118
0338564
0449010
1937390
2265171
3967856
2503944
0467197
0373051
0268695
0133240
0055630
4438848
0295700
0314353
0309987
0293508
0096446
9620288
0373883
1911644
0455824
0418689
7737786
1904996
1489887
0120890
0245574
0060827
0084726
8760708
0113749
1355630
0104070
1109624
0455407
0077975
2312718
0101410
0362120
0075005
10295212
0084827
0337741
0480025
0111070
0092644
1135503
0216216
4481414
1528854
0077402
0190138
1000774
1228987
0365907
0120632
1924396
1187064
1524137
1482459
0097351
5742374
0162346
0355295
0053198
0329101
0080487
0059800
1071875
0462590
0289992
0146838
1067106
0227538
0433400
2557478
0327554
0085959
1979388
0074486
0313737
8244784
0435651
0817230
0472062
6394270
5649144
1854564
2404233
0056801
0119303
0822847
0113492
0203019
0074119
0113855
0088128
1201167
0223897
1258197
0182789
5164432
0164184
1206543
0114388
1622979
1590193
0486946
0119395
0137494
0430357
0117218
0267913
0405508
0113118
1821549
7979580
2404311
10189514
0250687
4501244
3748172
1408253
1615160
0397101
0256415
1179034
1023114
1233227
0112740
0129290
1259528
0907657
0328880
0317198
0795368
1067583
0031679
0102510
0200550
3846674
1524930
0421073
0055614
0490215
10298810
1327773
0169102
1025100
0240890
0105112
0061418
13345606
0112461
2567026
10016180
0467200
1389072
0071360
0366627
0422720
0104694
1307068
1517260
0419706
1547234
0348836
2139881
0064665
0970866
0085995
0068473
1924429
2381991
0110478
0116213
1602613
2400463
1956620
1315981
0287467
0015864
11233960
0082010
0384806
0070379
0405296
0425123
0115433
0218967
1656190
8721424
0097239
0460791
14138650
7401588
0099871
0146675
0385004
1114740
0064276
0404203
3195644
0062512
2304933
1981128
1921064
0286499
0436697
0929632
0368008
1486185
1702439
1131729
4777008
2671706
0465580
0168629
3606752
0367959
1142977
0102059
0091605
0758746
0076752
1450321
0087884
0365830
0283111
0186151
0096969
2199571
0085794
0327850
0243133
0445922
1078940
5638642
1063669
0901476
0070328
0104348
1188996
1682180
0340163
0120889
0081573
0277371
0083929
0044081
1007029
2494362
3717490
0084805
1327194
1144884
0097493
0090555
0050986
0119164
0790686
0406375
0094862
0390384
0338337
0066995
0236493
0098084
1985966
0065421
1438176
0870111
0120873
0098439
9243804
0300471
1433108
1509767
0086034
0071807
0107206
1073498
0070034
0120184
0159273
1567609
0106611
2548396
0889573
0247745
0185431
0116705
1478964
0230030
10151854
1333125
6277462
0426931
0099700
4686844
0114924
0373926
4572514
0427152
4849438
0475276
0097742
1053424
5813916
1397514
0780653
0401383
0118615
1386932
0462504
0096061
0110622
1038686
0025316
0118689
0102266
0097216
0113101
2224026
0213847
0393109
1216492
0093389
1791528
0351977
0292963
0120902
0409182
9411972
0848537
0865556
4465564
0799949
3381008
0044706
1536044
0861739
0052311
0396555
0080120
0108394
0111495
1618442
1623288
0335245
6048922
0386117
4094724
0376136
0086567
2170593
1571222
0209958
1172049
0349205
0288477
0342258
8503618
1853739
0343737
1860353
0426883
0056193
3622592
0095647
4731136
6189022
0079574
0066206
1232200
1206885
1800246
0758766
0386140
0082398
2870612
0441909
0480255
0480242
0412019
0109444
0298814
0106220
1657507
1714915
0452702
1488589
1614989
1027718
1675192
0105417
1622547
1179056
5503686
1477076
0892318
0038787
0088930
0118883
1023111
0120907
7752126
1781769
2980592
4530422
1839492
0477302
6911608
2193215
0395584
17663992
0138749
0337921
1602620
4225622
0098554
0057546
14208870
0248667
0318462
0122718
1379182
4682786
0093428
1240982
0348333
0127536
0115963
0115759
1396218
0124315
8385148
0879870
8613070
2241351
0400717
3811906
2431286
2140379
0313542
1029234
0013442
0452637
0090264
0204946
0163187
0404390
0105665
0100758
1502404
0118887
4218572
0086979
0318649
1045778
0808279
0171804
0816462
0090329
0126886
1195478
3605418
1974419
1161864
0032455
0103873
2357129
0112817
0076786
1954470
0185125
1235166
0160862
1440728
0174856
0088011
1017460
0416236
0118998
0116136
0138524
0302640
1985949
0453562
0433383
0365686
1592525
0114214
3072482
0054047
8580274
0455760
0112818
0104797
8267604
2481498
0960731
4695012
15679400
1666801
0862856
1568921
0058385
0377109
3882082
0086541
0418819
0401445
8108198
0108037
3322364
0082406
0117318
0395699
0154506
0345950
2592614
0490204
3544112
0492956
1860242
1045772
0100935
1549572
1911658
5433140
15327088
1778304
0963178
0808417
4364194
0371606
1083452
1412386
0844708
0082495
0119229
3949660
0155267
0032551
4287320
0364970
2357291
1216487
1226273
0086200
3063516
0103919
1126590
0117666
0101761
0120780
0104652
0479997
1212428
0064757
1230414
0311289
6292852
0115685
1078588
0406816
7886848
2172934
0091326
2382009
0837563
9071322
0383028
0357277
4139588
0069704
0274812
0132477
0118928
7939766
0069293
1034314
0048545
0017925
1293847
1470827
0151738
0095489
0105812
1204342
2274648
0363589
0367110
2358891
10886166
0250258
0107144
0408839
0464154
0285531
0250797
0446755
7550000
0499556
0817177
0165798
0328538
0090305
0049406
0166896
1103153
1440292
8629748
0267804
0079945
1683526
0472181
3316948
0981227
0048424
0284837
3513548
1212419
0114694
5323662
1648179
7838252
0105698
0252076
10665338
2679042
3863552
0098258
1020072
0362478
0049730
0099371
0498353
0086066
1532503
0093010
15325794
1322269
0364045
0164334
5834426
1213644
0120679
1540133
14209916
1164999
2823054
2013293
0116365
0230838
0327437
0368226
0092563
0799934
6878306
0452625
1263670
4633690
0443701
0107798
1051904
14641788
0821640
0119137
0107822
0105690
5028340
0150377
0285742
0405325
0088939
5478478
1292566
3420504
0356470
0280707
0952640
0457510
3416532
6924650
0245674
1020530
1226837
0795351
1229822
0787475
0882977
0154420
0851578
0356634
1564585
0095631
0498399
3581652
0099582
0109424
8364368
0251736
0092675
4430212
1294226
10633456
3691740
1034331
2347569
1126591
1781922
0270288
2205697
0383216
8633478
0090863
0914863
5774060
0091251
1135985
2370248
3522806
2132285
0137363
0100502
0468489
1242432
1289406
1559547
0476735
6566576
3799232
1667353
0094889
1859650
1023481
0120787
2057392
1637706
1297919
0092007
2568862
1385867
0460740
7456310
0450188
1456635
0119099
0120791
0085333
0101889
0208003
0116778
0024216
1413492
0038355
1506999
1241317
5294550
1655420
0065214
0402399
0810913
0264616
0156887
1598822
0289848
0181536
3850214
0101700
9784798
0852713
0070917
0087277
1679335
0367089
4468740
0382077
0035423
4998632
1486192
1034415
0304415
0423294
0371246
0093629
0152930
10539608
4332232
0113161
0290095
3348730
10370710
0181316
0439815
0120885
1961175
1371150
2726560
0455967
0456554
0469641
0112401
0346156
5247022
1528071
0108525
0235198
0368933
0457513
0112579
0117802
0091790
4003440
1625346
0102492
4682266
13314558
0312528
2980648
0864761
0077928
1219342
0374887
0053472
4954522
3224458
6998518
5688932
6513120
0286112
1191111
0111280
0097778
0374546
1555149
1716772
0164181
0101393
0141926
0054997
0770703
1365050
0307479
0119173
0109254
0120832
1020558
2082197
13024674
0076666
0839980
0107808
4560436
10304142
1467304
8623904
0186566
2334649
11003218
0209475
0120179
0043456
0088170
0317648
1711525
2125435
0089755
0109813
0044741
12789558
11145118
0369702
0451094
0427229
0084503
0272020
3203606
0087078
0371257
5090568
0815245
0110074
8350360
0387898
2179116
0114508
0116908
0173840
0370032
8695030
0463034
0871510
0265349
1562872
2531344
0091419
14444726
0463998
2649554
1418377
2436386
0770752
9389998
1341167
0083511
0077766
8075192
0396752
0056923
1512235
0113540
1261945
0119190
2017038
0465551
0253754
1600195
1235522
1634106
1117385
15789038
1726592
0043265
3387520
0166813
0098206
4575576
1619029
0384680
2377322
5093026
0117333
0185183
1674771
0055031
8155288
0101862
0115734
2387559
0303816
0419887
1093908
0120828
1726669
3312830
10554232
15671028
5220122
0088161
1126618
1605717
6663582
0427392
0335119
2002718
0061811
0118607
0119978
0092086
0398712
0106965
0096734
1280558
0119167
0494238
0377818
0107943
0963794
0477071
7014006
1336608
6921996
3861390
1486834
1220198
1840417
6111574
0067185
12412888
0059113
0056217
10579952
0080749
0120631
4540710
3661210
0120461
2709692
11555492
10618286
1473832
0120694
4513674
1582507
1095217
6467266
3713166
0101921
0101452
0162650
3850590
1121096
1234719
0102975
5657846
3717252
3530002
1321511
0421206
14230388
2226597
1655460
0389557
0171363
0211933
5113044
1152398
0884732
1972571
0119468
0483607
6977338
0385307
2990140
0116225
0378109
2387433
0061184
0205000
1323045
0118849
0091474
0316396
9531772
0975645
0056218
0120844
6472976
12003946
1740707
0083131
6679794
1098327
0097937
0075029
0446059
1491044
0090859
5033998
3554046
4532826
0111507
0411061
0477051
0462465
0048728
1433811
0481141
0061578
2359024
2452386
0119051
0021884
1355631
3007512
0130018
6265828
0368909
0233469
0811080
1245112
0113071
1753383
5215952
0119925
0416315
0995039
0088680
0120749
0316356
0087803
0369436
0069762
0053779
1711425
0114558
1352824
0133952
1149362
10638522
19770238
0089175
0443489
0387877
1972779
0095031
1178663
0841046
0338095
2937898
0420294
0078841
0113409
0107211
1082868
8359848
7638348
0864835
0329575
3045616
0066026
0403702
0139809
0183523
2262227
0398017
0795461
0116040
0970452
0971209
1893256
0790628
0344510
0049833
1712261
0243736
0094332
0113481
0089686
0100263
0085407
0178868
1586265
1137450
0080453
3829920
0866439
0098536
0093191
4273800
0112870
0103786
0292490
0091167
5613484
0374536
1014763
0861689
0095963
1186367
0082418
4995790
0478134
9686708
0120324
2401878
10059518
0370986
2051879
0099052
0111301
0120738
0163988
0097815
0457400
12536294
3513498
0206314
0414055
12261776
0445990
10280276
1608290
5719748
0401711
5988370
0804461
9866072
0062765
0139239
0094947
1343097
0264472
0036613
0426592
18925334
6802400
0086393
7985704
0310775
0305711
0862846
1374992
4916630
0219699
0347304
0147612
0103241
1527788
11358390
1034389
0131325
0113243
1763303
2140619
0414852
0120686
0329774
0165929
0088993
9347730
2452244
0327679
0986233
9701940
7282468
0340377
0317303
0032904
0114436
0116683
1320261
2039393
5657856
0117887
0113957
0245562
0110932
3416828
8912936
1186830
0125659
0110989
1366344
0368709
2372222
0287717
9100054
0364517
0110216
8688634
0109446
1268799
0356680
1912398
0086006
2273657
0377471
0116231
0120177
0120053
4477536
1226753
0315983
1185834
0145531
0088286
1591479
0333780
2356180
12758060
0242519
0112682
2106361
0391304
1190539
1937149
0486551
0455538
4361050
0354899
0089469
0120148
0450345
0115751
0844479
0104815
0219965
0146336
0083791
0104868
0089670
3716530
0118972
2870756
0124298
7599146
1583420
1242422
1758810
1243974
2402157
0132347
0237534
4765284
0256009
1172233
2025690
2101341
0052561
2053425
0425413
6214928
0089885
4901306
8368406
0808506
0805570
8291224
0285492
1216496
1273235
2109184
0254686
4877122
1846589
0301470
1278340
3014866
6673612
10696784
0036342
8368512
1655389
0113824
6850820
0070723
5726086
0421054
0151137
0970411
0327162
4971344
0047437
0111255
8637428
0300051
0036868
5461944
1462041
0074860
1850457
11032374
6133466
8093700
1687901
2910814
0099365
0046911
1586752
3215824
10919380
0453556
0191397
13403046
7737528
6246322
0076618
0010323
1991245
0356618
4680182
0120731
0433387
0421082
0049470
1436045
0097647
3322420
1800302
9179430
0480669
0108002
1291570
0397313
1235124
2083383
0088933
0104231
6902676
5884796
0081633
5113040
3647498
0800069
0071877
0120693
3168230
13375076
1130080
0053221
3332064
3960412
2105044
1441952
0110005
0365376
0089907
0379217
0020629
0077745
0465624
0873886
0423977
10665342
1300851
0083922
0450314
0243017
0267626
2387499
0962726
0046438
0060176
2005374
4080728
0096487
0360201
0185014
0390022
4624424
0462200
0356721
0938330
0271027
3715320
24268454
1210042
0372824
0047528
0082348
0384116
1742334
6475714
1166100
0286788
0264395
0472160
1990314
0962736
0218839
0093693
0130623
2390361
2058673
0380389
1754656
4244998
0070355
4169250
2364841
1588334
0300556
0106226
0131857
0104940
0091949
0093565
1135084
0111149
0203119
0206275
2223990
0443536
0116409
0382628
0029947
7043012
1821480
0115964
2388771
0046268
0237572
1197628
0099422
0284490
1748179
0338459
0228786
0082158
3774694
0369735
0139414
0091530
0388125
0491152
1232776
0056058
0119558
0105151
0190865
0102536
0492044
0086197
0416508
0280609
2121382
0313443
1438254
1222817
12262116
2910904
2428170
9783600
1430607
0073650
6571548
0758794
0112722
1185416
0105265
0086425
0403508
0058946
1258972
13664684
1298644
0093260
8526872
0106701
3892172
3118452
0099329
5186714
1270262
20850406
0800308
0067800
2283748
0780511
9731534
0120770
5168192
0297284
4547056
0120913
2234003
0098382
1093357
0089767
0102945
2717822
0489237
1758692
2106651
0116669
0107554
0331632
0862467
0144214
10342730
6742252
1439572
0111438
0449089
0275491
0144120
0499097
0476964
0079367
0482572
0255798
1032846
5710514
0431021
0120877
1704573
0831887
3272066
6079516
0111686
1024255
1661382
4126476
1703199
4687108
1075417
0443465
0068699
5610554
15255288
0258153
0023969
0110367
0817538
0983213
2869728
6908274
15354916
0032599
0070909
1865505
0261983
4226388
8291806
3262342
0452598
2404425
3411444
0239395
0108255
0146309
0466342
0427309
0347618
0304669
0101587
0065207
0466909
0087985
0253867
0385887
0105435
0401997
0077405
6772950
3758172
3042408
0089370
0095497
0098627
7374948
0098384
1987680
1567437
6398184
6053438
0169858
0106387
6920084
0096463
0264935
1075747
0278488
2788732
0398375
1124037
3099498
0119874
0460829
0091541
8784956
0102803
0103939
0787524
1226774
2112124
0489049
0787474
14039582
6543652
0212712
3169706
2268016
0113198
0368794
0116253
5592248
0084434
9701942
3612616
8110232
2265398
1645080
4853102
0015648
0073802
0068182
0116830
0102494
0114787
6306064
0069995
9052870
0327137
1029360
0026029
0427470
5304992
0056687
0075784
0397078
0097123
2574698
0080745
0112950
0081455
0116126
14826022
0095742
0266489
0103060
0243655
0245686
0082085
9214832
0092493
2718492
0211443
0115641
0074812
2932536
0112346
13640696
10083340
1193631
1322312
1313092
2279373
0118771
0404030
0265029
2350496
0271367
0199753
0078935
0106246
3848892
2091935
0119715
1772264
0097659
0115736
0185371
2547584
1179891
0111742
1374989
0408345
3203616
2361317
2614684
11755740
1976009
0102070
14109724
2888046
2752772
0349710
1850397
0296042
0238546
0104036
3155298
1783232
0218922
0019254
0119349
0118548
2884018
0988047
8110652
0120157
0146984
2231253
0085636
11655202
1971325
1175709
8110640
0063462
6452574
4622512
0362165
4136084
0080801
0430304
0228750
0377981
3086442
1311067
10350922
4387040
0091129
0115956
0096933
2377938
0056197
14114802
0183869
4761112
0118789
0083972
0087553
0068327
0165982
0090142
0089822
0324554
0109836
0098724
14846026
0108333
0093692
2461150
2176013
10752004
0094812
0085549
0814022
0073707
0327247
0804522
6654210
0089791
0046359
0762125
1592873
1800741
0385700
2937696
0042546
0349825
4463894
0243585
0423866
0088000
1772240
0119707
0412080
0477139
0355702
1389096
6217306
0108147
0098282
0362225
7958736
0125022
8426926
5834262
0138304
0106598
0070849
0095271
0881320
0402910
0108330
1093370
0228333
0090633
0419677
0087298
0268995
3390572
0107302
0095174
10514222
11671006
0094137
1285241
6820256
0347048
0021814
0089155
5968394
0250223
0997152
5246700
1578275
2463288
9844522
1686821
0983946
0286244
1767354
4005402
0328589
6791096
14107554
0098621
0385267
0377062
0260866
3201640
1360860
1837709
0106673
0180073
0765120
0060107
0119223
0087050
0059646
0117631
2802154
0420332
7668842
0112792
0086837
0374102
0099253
7825208
0402894
0096764
0030341
1204977
1082807
13841850
9263550
1196141
0247586
0172684
10682266
6359956
0382992
0181984
0118843
4913966
8239946
1043726
0406759
1691916
3064298
1838556
0083530
0372532
3922818
9224104
0076729
0081283
0294870
5390504
0102511
0115857
9288046
4595882
8663516
1441326
0057413
0106364
0821642
0403358
0062229
1606392
1410063
9198364
0109068
4799050
0107076
3553442
0810922
1176740
0050613
1572315
0109117
0338466
0251114
0947802
0150662
0338094
5697572
0095294
5814534
0375173
0119675
0015324
0811138
0421238
2170299
11161474
0110366
1764183
0090967
0800241
2119543
0082517
9777644
0109190
2076822
2771372
2758880
1069238
0054953
7504726
0095250
0437863
0120399
0074156
0443473
0089853
7347846
0119256
2328900
0375154
5865326
0111756
5073642
7549996
0388419
0066434
1341188
2103254
1414382
1403177
0248126
0123964
0800325
0109045
4595186
0098067
0029843
1727776
2180339
0795493
5116302
9637132
10431500
5541240
15326988
2967224
0418455
0100944
0109635
0049366
0271668
0127723
6402468
6491178
0191754
0460989
0018455
5536736
0104684
1139668
0171433
0091149
0297181
1748227
0292644
1231580
0107978
2396589
1334512
5783956
1321509
0116313
0367652
0058329
8115900
0112883
0144528
0110950
5500218
10944760
1531663
0065938
1791682
9362930
0117918
4190530
0051459
2935476
0107050
1825157
0031971
2479478
5431890
0880578
0116287
10696896
1068242
0844286
0120434
0113117
0094964
0090056
1182937
0049223
11045422
1596346
1135487
1869716
0891527
0101765
1086064
1308729
0245803
0039628
0083767
0095776
0094074
0275277
7125860
0443632
0026138
1212436
0179626
0087781
0475944
0120032
0273923
1320244
0114681
1931435
22297828
2576852
0305206
0084707
8544498
4139124
1613750
9426210
0067328
0050783
0073341
0038109
1190536
0091209
0363226
0070510
0433386
10168670
3808342
1666186
0281686
1321510
10855768
0107616
0091059
0935075
1084950
0210070
1289403
1430626
27989067
0460780
0929425
0362269
0116277
0124718
0977855
0227984
1967545
1017451
0072443
2382396
0240515
4048272
5177088
0089092
7734218
1416801
1181791
2345737
1073105
0088172
1741273
0815244
0107659
0299930
2404461
0457433
2850386
0375210
0269347
13603966
1321860
9203694
0097202
0095253
0065126
3174376
1294688
1270761
0364751
0141369
0762073
4832640
0493405
0057565
2591814
0155975
1172994
2118624
0105104
4769836
0400497
2737050
1626146
0091217
1213648
0107131
1225822
0037008
2039338
0293715
0089457
0074896
0045793
0091225
0065462
1205535
1276419
0160797
1175491
0101917
2368619
0424993
1480656
1621045
0085382
0280486
2178470
0069281
11909878
4158096
0331811
5932728
0104291
7315484
0097981
8368408
4758646
0367479
0110997
0114781
0064505
0430308
0022913
0806203
0091080
0062803
3405236
1798188
6148156
2333804
0436339
0266465
7153766
2243537
1827487
0456144
0808510
0358135
2837574
0848557
0093300
2452042
7139936
11657662
12477480
4781612
1540011
15255876
0119807
5691670
0387575
0092610
0124198
7060344
0416044
3881784
1920849
3495026
4176826
0297884
0283509
0332375
1216491
1833673
0100050
1596345
0068611
4385888
2076220
0473308
8236336
11024272
0233142
0111512
0083564
0300140
1462769
0074483
2702724
2669336
0139699
2991224
7431594
0093777
0385726
7772580
2567712
0069113
0103893
0094963
6212478
0440803
1640459
2140203
0048028
0088794
0417217
0117247
0240468
0112715
0061735
0425637
0220506
0242527
1024943
0455857
0324133
0091777
2403021
0104389
0107969
1691917
0092513
0450405
0086383
1172991
0061395
12680684
3986820
1067774
0892255
5397194
1214962
0102034
1647668
0117765
0838232
0085750
0424880
0808399
1839596
4614584
1182350
0457419
0090022
2402101
0058182
0112913
5571734
3205376
0097027
1053810
0364385
0047673
2318092
0072308
0109642
1620680
0093886
4435072
0118954
0091187
5962210
13327038
0309377
0322589
0332047
0257756
1402488
6738136
3860916
0871426
0813547
2980210
5208252
0376968
0112453
0082186
1470023
11116912
0240462
0108122
0369226
4281724
0279113
0091867
0094336
1160996
0099141
0278435
1727770
0071615
0490086
0074811
0491175
5117670
8508734
3165612
0103759
1639426
0067093
0306685
4481514
1421051
1273678
2375559
0080661
0104437
0365485
0117589
1656186
1881002
0107507
1698641
0398913
0486583
0105046
1838544
0138510
0100477
0377107
0455499
2638144
1247640
0071129
3097204
5563334
1046163
0446013
0421729
0097474
5649108
0780622
1730768
1437358
0068361
0472198
3721936
4520364
1083456
0473444
1562871
0887261
10620868
1244754
2918436
10280296
0097770
3758814
1226271
2034031
0071222
3513500
0420293
0413895
5862312
1772250
1531901
2235695
3398268
0238936
0264796
6772802
0090060
0113326
0095675
3387542
0106307
10155932
0190641
0087597
0875034
1291580
0118661
3401882
0093756
2017020
0096787
3361792
1674784
0084522
2493486
0060390
2317337
0896798
0295721
0372237
1114677
1714203
0057193
0202470
0103956
2473682
0100404
0114287
0108238
8522006
0455960
10451914
2800240
0131369
10121392
0117038
0805647
0100258
0113972
0133385
0808357
3181822
0462335
3797868
5774450
0107034
0084855
0395972
9354842
2528814
0104187
3841424
0070707
1999995
1787988
0388473
0429591
1286126
0444682
0112896
0316732
0424823
0093640
0763831
0395251
1064932
0857191
1571249
10733228
1788391
1369706
1895315
0089893
0105477
0298845
1716777
3077214
2938956
0454824
6476140
7557108
10393870
8589698
0084649
0881891
1598828
9619798
1535438
0054387
4995540
1464580
0219854
0301199
1866249
0099044
1430612
0069947
0309530
1529572
0298228
1620981
1725047
0055032
0856288
0189998
0086637
0093605
0108071
0114319
0119038
0119360
6781982
10039344
0095444
0798817
0288045
10365998
1233301
0040506
8404256
0046303
0093507
3417422
0118708
10999120
2610768
0117407
6803046
1316536
10298840
0195945
11851548
0101764
5918982
13521006
0316465
6259380
0078767
4443658
0091635
3922798
13131232
4884540
11252248
0765476
1720616
0103905
0115697
0337692
7985648
2515034
0037558
0119314
0097162
0080179
2450186
0098273
0110167
6341832
4495098
1658837
7740510
1103275
2024519
6968614
0495596
0170691
0063415
0308055
0119683
8206668
0265087
0132245
2994190
2872750
6316138
7057496
0272207
0760329
0410097
0113845
1423995
0107653
5946128
17024450
0498381
0482527
7533152
2172584
0283900
2230358
7212754
0071402
1837703
2756032
2395469
0252487
4714782
0109520
13510660
1426329
0913425
0129332
0127357
5315212
3750872
0434139
1314228
0407265
0456912
0089173
0266452
8201170
2113681
0113819
2058107
0281364
0377713
3319920
6182908
0088850
0096163
13491110
0086927
0256524
0239948
10895576
6160448
2720680
9683478
1521197
0387514
0061747
0108174
2467046
1530509
0329028
0903657
0779982
6000478
0108065
0247425
1035736
0058777
0184858
5001718
5797184
0419294
0045810
0263757
0104779
3616916
0140888
0275022
0048605
4815122
1285309
0057129
0094761
0306841
0097388
1186370
5001754
0049261
0092106
0082432
4733624
6324278
0117883
0051808
7008872
0073582
1758795
0045061
0291341
1590089
2097298
2101473
4537896
0113862
0068555
9288822
0035446
0429589
6902332
0105275
1340107
5640450
4154916
0034248
0430912
0424774
0110598
10327252
6857376
0337697
0116191
0109348
0452681
0118636
0119668
0425430
11196036
2637294
0165710
0338309
0110527
15501640
0113041
0105414
1703148
2199711
10403420
1265990
0221073
0386064
1045670
0095179
0402901
0092718
1833116
0360139
3120280
0113253
0278731
1667310
0120910
0099939
2016940
0162677
0063385
0097108
1563742
1311071
0074937
0800240
0838247
0048750
4593060
10530176
0076723
0252501
0283003
0089374
0762114
0085244
3966404
0247199
1262981
0454970
0078446
0086491
0056443
1754700
0464196
2261331
0384642
0073312
6038600
4255304
1031280
0196216
0365929
0405336
3787590
0079714
8151874
12676326
6107548
7339248
3499096
1130988
3450650
0242193
0068935
0066817
0461936
0344854
0118956
3679040
0052077
1244668
0139462
0073540
7518786
12361178
0087995
1783732
1031969
0088184
0490084
0039689
0091738
1823664
0157503
0347246
3564472
0079261
1872818
2461132
1235189
14723224
0117723
0065724
0318155
0107692
5294518
0115783
0259288
2103217
0066769
0101745
0303361
5057140
0115988
0420238
0229260
2091473
0094142
0097240
1073241
11525644
0068833
0116477
0765432
1612774
0099763
0037884
7221896
0088814
3385524
0221218
2006295
1477837
4827558
0082933
0099892
0976238
0082089
10172266
1234654
0079641
5580266
0082533
0211181
1496422
0041546
4824302
1413495
0804492
0375568
1366365
0082136
0274309
0141109
0347473
0056111
2870708
0179116
2244901
0076363
0204313
0329717
0265298
0432291
0305669
0116242
5619332
0100029
0449487
0119951
7504818
1078188
13449624
0094608
6938828
0078480
1458169
14309446
0252503
0427954
0024184
0337876
1255919
3442006
1361336
1480295
1709143
0166485
3833480
2059171
8781414
0080516
0775529
0267891
0110877
1694020
1615918
0090887
6697582
9016974
0043338
2872518
0317676
1266029
0105121
0100994
1251757
2213054
0028950
0077413
0254455
0079588
2181931
0113986
0270053
9900782
0104692
0077681
1535616
0181739
10095582
0096332
0110443
0350028
14549466
0078718
0054167
0139668
0130121
0084021
0814335
0102526
0080319
0040725
0379889
1734493
0067065
0046534
3735246
0095882
0090180
10223460
0124819
3387648
0926129
2326554
0119141
0338188
0114478
13223398
0168786
0080491
5816682
0093148
0120879
0101605
11127680
3666024
9115530
0485601
6195094
1567448
1620933
0080360
4191580
0080979
0375920
2378507
1464763
0083946
2752200
1303828
0119237
1649444
0120185
0115571
4964788
0037382
0082509
0901487
8983202
0060666
4535650
14993250
14128670
4669788
13405778
0241760
2097307
0065988
8108202
0435679
0415978
0280665
4934950
0268397
0066808
0092494
7466810
0470705
0108500
1179031
5690360
0116250
0323944
0457297
1032815
6485666
2016894
3504048
0108211
0248845
12004038
2334871
8633462
2639336
1560985
0089886
1512685
0083190
0062711
0482599
0416496
0086984
0120696
0383222
0126916
0119535
4761916
0462396
0419984
0091828
0077711
0063374
5198068
1594562
0101757
7725596
5748448
13669038
0485985
0086216
5886440
10003008
0067140
0047034
5155780
3907584
0092925
1440345
14509110
1971352
0092076
0265662
0048473
0242445
7280898
0086320
0114906
0099528
0060665
4878482
2187153
1336617
0313911
0410377
6079772
0066473
10986222
9848626
10699086
0056937
2281587
0802948
0114576
2891174
12908110
7608028
0120255
1411704
0435670
0066011
0093936
0790712
8850222
0033045
12749596
6141246
0457655
0158371
10362466
0775489
0046672
1742044
1068646
0048021
0059592
0069467
0110729
0087262
5516328
1462900
1072748
0113670
2103267
1167638
1478839
0471041
0119013
0043278
1668191
0171580
1814621
0279493
0208988
5523010
12823454
4669986
0390221
0067128
0114887
9130508
0198021
10324144
11998558
3256226
1179069
1415283
4465156
9784456
6865690
0910554
0219653
0190374
9398640
0108308
0303933
0375611
0419749
2626350
8108268
0093378
3253930
0102587
1112782
0444653
0165832
0804516
0110857
0427969
9806192
0078723
5935704
2076298
0238112
0092593
6304046
1185836
0999913
0141098
0085811
10701074
0114682
8108274
0107254
0018773
5867314
10350626
0093818
0070544
10521092
9686790
0117331
0896872
2555736
11301946
0954947
3247714
3698408
0090685
7485048
2326612
0318374
0240510
0473753
0419946
11198810
6802308
0057345
0409904
0060153
0310910
0077869
0346631
1712170
0421994
0070334
1650043
9606374
0097637
0104454
8361028
5723272
8114980
1788979
7605074
0120595
0042041
0361127
4073790
0367027
0116654
1259014
0408985
0068638
1937264
0100140
11858890
0052893
0066763
6304162
0056732
10962368
2088003
0091499
0202677
2398231
0485851
0470883
9110170
3813310
0068408
0258470
1171701
4799066
0374569
3824458
0051036
9812474
0120265
8356942
0280760
1441912
1381404
2084989
0074751
1714209
7475578
0101640
2358925
0483726
0216651
7019842
4334266
0093493
17076046
0810988
0257516
2275946
1226681
0117108
3544082
0118747
0490076
0458413
10731768
0410764
0439662
6108178
0093560
5719700
0077394
0115639
1684233
6513656
0105643
0038559
5635086
0308379
3792960
3760922
0165854
0026778
0120577
0056663
0078754
0120802
10228134
1588398
1629757
0068762
0091954
0449994
2359810
4068576
0364343
0104409
13274016
0042593
0053459
0063518
0128278
1082601
0827503
0082846
0368578
8722346
12618926
0094602
0102250
13352968
0380599
0102768
6535880
5727282
0281322
0401085
0114614
0072251
0120483
1127715
0283832
1620719
2072233
0899106
1964624
4357394
1541160
0473360
0479968
0109127
0120824
0081353
0094006
10612922
2935622
1198138
8745676
0283139
6990206
0114852
0102603
9340860
0441796
6095472
13456318
0101912
0332136
8242084
0414853
11057644
7547410
0067525
4326444
1285009
0154421
3179568
0426459
0040724
0192614
1204340
1024715
0460745
0096244
1405365
0063227
0106469
0385690
0108162
0489664
0366174
1951181
12731980
0078908
0097138
0092699
5501104
0061655
0105629
0118819
6285944
1372686
0257568
1976000
0260991
0117039
9731598
0379865
3767372
0880502
0964539
3172532
0110657
0377091
1324059
0109303
7098658
0479537
0282209
0046876
9086228
0378947
0303714
4986098
3606888
0482088
0180734
0110008
0104254
0422401
0117894
0479528
1435513
0845046
0068767
0065571
15145764
0857265
1772288
1174954
0062467
0417001
0360009
0069768
0119472
0383010
11827628
0388980
0118845
0469021
1641638
2294677
0350261
0100054
0114194
0098105
0071411
4547194
0083284
0300532
6455162
2404181
3317234
0419843
1879016
0104029
0036855
7946422
0120684
6269368
1754730
0079833
0100419
0040525
0106770
0119250
0119731
0044121
1174730
9196192
0055018
0313792
0050105
6987770
3289728
0113987
0357507
1598642
0408777
7242142
1645155
0078966
0385705
9477520
0096794
2378281
3416744
0050419
6218358
0097223
0285462
0213890
3108894
3276924
2056771
0053946
2438644
0114168
7721800
1714210
15767808
1232783
0105415
0326856
2537176
0103594
2317225
19500164
0053619
2101569
0308383
0841044
0284978
5956100
0133189
0463872
0106332
0111127
9873892
0089941
0025878
0076162
1327035
0436331
7268738
0114011
4434004
0114857
2494280
1456941
0235737
5315210
0380623
0099739
1731697
0465203
0082869
5562070
3721964
1894476
0061452
2203308
0270846
4995776
0455957
0785035
0842929
3503406
0488085
0089560
0913354
0758742
15083184
0081534
1934231
0095690
6857166
1924245
12141112
0075066
2091256
6436726
1646980
0381966
0482546
0119215
5764096
10676012
9851854
13238346
0308152
0101026
1474276
0995031
11976532
0450340
10152736
1082886
0331953
0116905
7137380
0097499
0066765
0203755
0120609
15600222
2167266
0424205
4262980
0065063
1149361
10160976
3722070
14253846
1424797
1540128
11274492
0203230
0090190
5144174
0790604
0053976
0055824
2071550
0067588
0120094
0411272
2987732
0067756
1401143
0103859
0067866
0119695
0048281
0101775
2452254
3654796
11847410
0361467
8960382
7430722
9354944
0115624
0107007
0098546
0291350
2479800
0236784
0120841
5929754
0897361
0031885
0160009
0065234
0091557
13130948
0120633
0104466
0107501
0082031
0116361
0051207
4196848
0100436
2094018
0113419
7634968
3395184
0209077
0107438
0037017
1431181
0101516
7961060
3278330
0164538
0176269
1481572
0454919
0090021
1412528
7772582
0270980
1018785
0077713
1001520
0462519
1422136
0110638
0120751
5825380
0118111
0488604
0310203
0091670
0107985
3148502
0120797
7550014
0408664
0200027
0058450
0120008
0097940
0804540
0057197
1160368
8954732
0060315
0110364
8130968
0430634
0218817
0067927
1441953
1247690
1600524
2140507
1028576
0217630
0106950
0099005
2980794
3149038
3231054
0113870
4635372
1821700
3089630
2473510
0091877
1592281
0058586
7329656
0080057
0110006
7798604
0086154
0072856
0457572
0252444
2023690
22687790
0117737
0325655
0338135
0077269
0112760
1127896
0101669
1308728
0100133
0081562
0443295
2762506
0119942
0775440
0065134
0051744
1821658
11460992
1595656
0099703
2238050
0968264
0119485
4218696
0242998
7149730
0107843
2139555
4648786
9691136
2126357
0120004
2652092
0023427
6527426
6288124
0089908
3461252
0469623
0113820
0963743
0034398
2140465
2556308
0116999
0061619
1440161
0438315
1196948
4273292
0106333
0119313
0970468
9252468
0258068
0120458
14331144
0293815
2263944
3547740
0104573
1305797
11497716
13453006
0454082
1029235
0120654
1334102
0077523
1932718
3672742
2339741
5607714
0107387
0086993
0114660
0060522
11317142
0329691
0106375
2452200
0046816
3152592
0086022
1653665
5354160
0087909
0183659
0310281
9742794
0338096
0246894
0091083
0468565
0335559
0091223
0113228
0023245
10065694
3427252
2343793
0048960
1620935
9072352
0115683
0091778
0042208
1713476
4572792
3014284
0094894
0160184
0105488
1464174
0113501
8652728
6878038
0441048
0294357
0114367
0072081
2560078
7748244
11027830
9660502
3801314
0070239
0117979
0866437
2304771
0120241
0070215
0067824
2101383
0378793
0100514
3120430
0083943
0067309
10161886
0119664
6768578
2023453
1736633
0084237
0361696
0084917
0095243
1560139
15301048
0830558
0080365
0061107
12873562
0051418
2675914
0386005
0396652
0365957
5460276
1932767
3280262
1178665
5121816
6108090
15163652
0437179
6116856
1827512
3612126
0426578
0810784
12015102
0249478
0117786
8521876
0120901
0089489
10310140
14817272
3300980
0094715
0085701
0086856
0045555
1979319
0814685
1767372
0486674
11777738
0411951
0100998
0384286
2872462
0038890
0061809
0099472
0264150
0395495
0155776
2011311
0116000
0204626
1742336
1193516
1648216
0074851
2582502
0318411
0281373
1929263
6348138
0829459
7914416
0081375
0074695
0082176
0094025
11703710
0057091
2321405
1334553
5078204
5165344
0120533
6133130
9051908
0034240
0900387
0134618
28218009
0859635
0038991
0073440
2490326
0037913
13320662
4900716
6432466
0073631
4504044
7218518
0473367
10309902
0278823
0051378
10230994
0277941
12838766
3369806
13610562
0499554
0174480
0072288
1151359
0101329
1517489
14914988
3626476
6521876
0072417
0337909
0282687
0166396
4458206
4257926
0110442
0092796
0913968
0038348
3901826
4590256
0069097
1959332
9766332
0063823
9614460
3352390
0117420
0416212
15732324
1449283
0108473
0049408
10242388
2785032
0085894
0045274
0118665
2402105
8385474
0106912
2784678
1379177
10275534
1465487
0088889
10199590
0095687
8851668
1798603
1925431
0093137
1729637
16428256
0078869
0065531
6018306
0035279
0092695
0244316
11873440
0244970
0030993
10083640
3704050
0405469
2331143
0089869
0076009
11235772
0063688
0096071
1702014
0164212
0100240
0091288
0069089
1452628
0051554
0070290
0118798
8372298
0490181
1032751
0339034
1633356
3335606
3177316
0067411
0369672
0080569
0058898
5639354
5827916
0816556
14439896
0263438
9684220
0085970
2473794
0055499
0067959
0107665
0105327
1715873
0055830
8266310
2372678
2620590
0074084
1905040
0039192
3706352
0102558
7392212
0116329
13873302
2231554
7294534
0419058
0180052
0107497
0295427
2355495
0373981
5982852
0070903
0111143
0429573
1047540
0140379
0923811
0765446
1440232
0057869
5462326
0200087
14174940
0254481
6628102
0111333
0087003
0095925
4943322
1924394
9419056
0118604
0047472
1198156
0383694
0446046
0473488
1869347
1487118
0057358
0188674
0399327
2258337
0084777
0265343
0096101
10964430
0069945
0104850
0104452
2235108
11905962
5316540
0110099
4581576
12834962
1288403
6587640
0454987
0246677
0099165
0252028
0335121
0775539
0037059
5080556
0978759
0109579
3447590
11080108
0071577
0075213
12573454
0366777
0116130
7214954
0048356
2910274
0269095
0080736
1020773
0188453
11456054
2832470
0065528
5635026
2582576
0035015
0963194
0361620
0247196
0791304
2424988
0098966
4272866
0364961
3068194
9252508
0100135
0956038
0085859
5301662
10323676
0314498
0076538
0071115
2799166
1849718
3864056
0069495
2059255
4291600
1423894
0004972
0110955
0231402
0455782
0452624
15033192
0199626
0780516
0494222
13109952
0089841
0110116
5437928
0028010
0033729
0038574
0445946
0117110
1107365
6533240
2473602
7390646
0055852
4181052
2172985
2279339
1780798
1263750
0089013
0314412
0055601
0076740
0404978
2625030
0114608
0107711
8983228
4899370
14715170
9059704
0075968
4080956
0100260
0280491
2349144
0099699
0497137
4030600
0119432
1014775
0454776
2905838
1084972
0120176
0099334
0048254
0118556
0073580
0225071
1714208
1621039
3203528
0115640
0250224
5859238
0457495
0116756
1564349
3289724
24485052
2300975
7642818
0078875
1468846
0405676
0119115
0252299
3140100
1602098
6882604
0095467
0097322
0091630
0109456
0178737
0110978
0089017
0102614
0785007
2258345
3678782
0809504
0082934
0157016
2401807
0126388
0372873
6967980
0110308
7693316
2855648
0064040
0098141
7711170
1131724
12530246
2309961
0465142
2040560
0108171
0299172
0891592
0428870
4559006
1183923
0038762
1326972
0062136
0046478
0096251
5112578
6826438
1316037
0437857
0034587
0489235
0283084
2167202
0110725
0280380
1603257
0118158
0078902
0051622
0351817
0110763
0158622
13028258
1640548
10418662
1808223
0109555
9664108
5734576
0331933
8672856
0460792
0831884
6708668
6257174
2639254
0063850
9000224
10062556
5666304
1826590
8179388
0114594
1596342
0208874
11804152
11663228
10187208
4645368
11514780
0477095
0110737
0400525
0092263
0466460
3286052
0114825
0097257
0342735
1715336
0160916
0499375
0323013
3297330
0120524
0134619
1582248
8359816
27012110
0082783
0118531
0367495
0804452
0082307
0785006
0083630
0211465
1029231
0054135
0363282
5097410
0076070
0110200
0101258
0231775
0488798
0926762
8075260
0338427
0036244
3623726
2243389
0044008
11580854
0053168
1095174
2131532
14376344
0412922
0311519
0104427
0278500
0074174
0107151
0449061
4983780
0086969
1447500
1666185
0104009
4463816
0160399
0486051
0026752
0271263
0062994
0074512
0236348
7488208
10268488
0104839
0081070
15654262
0098625
0113442
0070460
0331468
4348012
0924129
0252488
0082979
0105226
0095188
0323033
0103112
0045891
0075824
0067355
0253828
0097368
0054632
6511932
0080716
5716464
0049902
0097481
4439620
8201852
5607096
0396184
0082782
0100685
5311542
0043924
1424310
0286751
0465502
1984153
1821593
3447364
0367085
2398249
1085779
0077294
0070948
3111426
11897478
0222851
1196204
0301976
3171832
2365580
2393845
0106881
0051658
1542768
4285496
0361089
6821012
0104561
1767382
7581902
28362963
4669264
0118589
0108551
1810683
0892767
0105428
0860906
0342492
4383594
1950235
4703048
1829012
0112572
0486640
0484740
0064072
0074452
10287954
0411195
1194263
0112819
5989218
0116514
0480271
0078087
0445620
2261287
6823148
2725962
0038733
0326905
1129423
0100114
0775552
2717860
8096832
0120620
0092666
0118983
0050706
4532038
0102744
0057831
2513074
1294970
0104756
0276816
1139592
0942384
0172396
0104558
0203166
0081554
0058083
0047849
0117608
0047573
1305591
0374563
0411705
1226236
0938305
1356864
7545524
0088206
3321300
9288692
3963816
0093223
3704700
2608224
5286444
0117011
0279331
0118767
0091480
0366780
0082484
0100519
1231586
11140488
0236027
0403217
0088194
4981966
0388182
3819668
2077833
0214388
1051907
5151570
0858479
0057163
0420087
11260832
21867434
2398241
0210234
0199725
0079540
0964587
11314148
2140037
0102719
0054130
0076141
3347976
0804463
2944198
9419834
0241025
11581174
0418773
0087957
4701724
0083722
0099726
0104412
0055277
0089114
14099334
0065143
0080923
5761544
1763264
0118755
0057427
1740047
11112808
0432637
1928340
0111693
1010271
1995390
0112688
0083798
3577624
0071141
8718158
0469263
2581244
0056291
3595298
9260636
6910020
0084865
2218003
1302067
2515030
0112922
1018765
0159382
0760311
7026672
5977276
0974554
0335563
0443456
0038669
8080204
0439289
1724970
0102943
0087799
12996154
0101316
1731701
0073705
2828996
0837106
2471640
0090357
4733640
4645330
0032484
2882328
0164961
5664636
2291540
0491747
0156934
0033804
0095270
0077663
0346336
0085255
4667094
14298328
2302966
2937366
0090563
0097366
5595168
13131350
5013984
8485364
0105128
0103596
0315297
0145653
0027996
0108185
0029870
9076562
0101635
1985019
6788942
1230165
15339456
0078163
0112857
1042877
5785170
0365885
0108188
0180748
1023500
0098253
0045897
0084335
1508675
0091886
0469903
0062138
1748207
0177858
0101829
0795434
0055184
0056085
0433412
0111797
0430770
2171867
7170950
2965466
0103924
1921149
0067445
14060094
0093512
0489282
5822564
2388637
0041090
0022286
0109592
0210616
8169446
1233381
6462958
0425333
0951216
0464913
10314450
0408524
0107473
1486190
1230385
0491203
6199572
0086617
0138946
1016301
1926313
0055256
0467110
0097737
0339230
0295254
13919802
9537292
0884224
1092633
3835080
0097722
0087755
2659414
2239832
0377752
0064541
0038854
1235796
0383060
3766394
0083833
11327514
3416536
0055471
0293416
0070016
0031725
4028464
3707106
1134854
9179096
0961097
0115678
1071804
0422774
5322012
0014429
1046947
0120753
0074102
1349451
4679210
0122459
1179025
5997666
0432402
0441774
0100212
1373215
0110076
0060138
0073812
0808244
1151922
0110678
0108149
0089606
1322930
0099558
5440700
1876277
0104990
0095519
0346094
0768212
2004432
2617828
2062700
0116704
3175038
0100318
0115907
0308506
0110684
0245238
1753496
2316801
16492678
1735485
0119891
2238032
15315164
0124879
0063759
0099850
0103247
0100234
2403029
0757361
0059183
5360952
0097858
0318974
0120202
1695843
0093185
0360556
6217926
5723286
0102004
0416960
0109402
1847731
7255568
2309021
0422091
2625810
2793490
0094027
0095403
6264938
2215477
0318761
4244162
4682788
2386404
0110027
0311648
0118760
6836936
0077594
15302222
0100449
0443559
0108186
0058625
0095468
0090103
0102005
0184791
7236034
1650048
5096470
3668162
0106627
1816518
0417433
0400234
0780607
0104040
0312843
0157583
0199683
0082377
9860728
6439020
4088268
5970844
3137630
4196450
0280030
1748197
2974918
7212726
7671064
0086312
0488414
0109287
0314063
0093603
7983894
0094072
0120777
0048261
18550140
7451284
0089118
0044837
2368553
0099615
1318517
2011159
0042804
0115632
0093407
0056736
0092048
1389127
14402146
0312549
0186894
8504014
2509850
1702425
7618184
1434447
0092618
5884784
0060955
0361411
0095082
2917388
0090927
0433416
6198946
0043137
1277737
0417397
0382189
0318034
0337103
0901507
0082118
0091431
0133046
0039302
19623240
0246464
7363104
1012804
0072926
0071994
5882970
0092603
0115438
0872230
8980602
1630036
0109676
0464049
5536610
0075223
2309260
0096316
1545660
0479500
0076451
4025514
0293007
0117057
0437800
0110265
14592064
0120866
1594918
0373283
8143990
0449999
6048930
4935372
7715202
1639084
0338763
6205872
0416185
0115986
0050086
28228231
2258858
0049513
0113305
6932874
5670152
1659343
0120772
0098354
0156812
4353250
0434124
0119896
1320239
0082817
7424200
1634121
0409184
0479751
4987556
0065377
0208990
0102782
1220888
6060156
0144168
2486678
0071249
3501112
0144964
1135092
0083111
0253997
1766094
0339135
1598873
0338216
2011971
1742650
9845564
0083624
8649186
3859076
0080437
0095990
1068641
12877640
0345061
5913798
14369780
6338498
0131704
0074899
5607028
0116421
7608418
15445056
0283026
1661275
2235779
6484982
0087365
0058700
2621000
3672840
0325537
0057611
11703050
1441951
4935334
2095649
0071771
4728338
5206260
0275719
1703957
0119791
0308208
0119592
0028597
8550054
8633464
0790623
1183665
0415965
12193804
1747958
4951982
0253779
8948790
0076590
0037674
9231040
1758595
1966359
2061702
0489281
0164114
0109759
5834760
0059260
10192406
3495030
1893273
4823776
0077355
4267026
0071970
14400246
3707104
0279778
0120701
1659338
2195548
0115744
14042066
1020885
0070518
6017756
0106452
10229558
0865559
13029044
1068649
14878948
10763820
0110613
0420251
1577061
1205558
0054248
1320291
0058430
2368254
2304953
2652118
23554840
2406252
0077742
0057187
4694544
4479380
0328099
1699231
0252490
13139228
0080377
0388139
11934846
0058888
4411596
0875113
0324127
5221584
0109439
14152140
1188982
0025452
1433822
0067741
1654523
0995868
1234541
2338454
2383068
0091306
0424227
0022958
7525778
0113799
0116259
0264508
4103724
0091983
0404254
1181795
0065088
1472584
0134067
10806040
0039420
3608930
0158811
0318081
0374271
1430615
0060397
0411270
12783454
7466442
3733774
0079766
0027125
0073018
0084329
0054389
4805316
0102915
0376127
0857190
8323668
26445483
6763252
6217608
0099385
0068768
0310357
5814592
1535970
1296898
2070649
0273517
2398149
3721954
5990474
2389182
0081383
0080025
1680114
1798632
0051411
5563324
0101698
1935896
2764784
15339570
0167427
0205271
0108101
0145734
0259393
0057261
0100485
0061385
1362058
7458762
0133363
0123948
0085154
0095088
1533749
21276878
0070040
0285175
4131496
0381940
0087892
0090966
3708886
0056241
0120263
0104237
0080549
13229894
0482629
0220099
0113552
1663207
2401097
0189192
1337057
8707922
1989475
0437405
1536410
0023649
0393735
10208198
0098577
0095889
1839654
0110081
4882376
15128068
7059844
1124039
0070698
2784512
0166175
0248408
7736496
2390237
20225374
0493949
9173418
0046487
3449292
0079221
5912454
8983164
0091860
0192071
0062376
6752992
7832124
0113677
0105156
0076257
1332134
0083169
8816194
0470055
0315642
0116324
0144640
0072281
0095897
15441054
0124901
2245003
1821641
0155711
0435680
1032825
0102789
0016220
11540284
0045888
0920458
2249221
3520418
0896534
13056008
0116731
0039190
2183034
0913445
1928330
0211934
0054407
0103285
1610996
0067549
7616798
2112131
0106400
1649443
1901024
0060474
0081114
0046521
2172071
0302674
3210686
8836988
0910905
3797512
9820556
0150992
2039345
0082288
10333426
0086873
1291652
2788716
1438298
10060094
0291579
0803057
0034167
1053859
1152850
1981107
1807950
11388406
7134096
0085933
1656192
3726704
0089153
2965412
11656172
0097965
0065832
2980706
1499666
0050539
0369060
0102175
0032145
11773378
2980472
5960374
0953318
1883180
0113114
0246989
0808276
12567088
1027862
6722030
0077572
1798243
0047522
0456396
0058279
0046126
4110568
9345754
0040369
1708532
0095583
11729298
13444014
0083908
0109890
4015500
1705786
5688996
0059243
0227005
0065112
1525366
1247692
1945084
0102713
0047136
7945440
1440732
0054033
3576728
0057372
0464041
0466839
0195234
0110222
0087089
0073747
5084170
0050634
0118892
0079240
7738450
1438173
1085492
3083008
0095593
10230426
0080474
1046997
0035093
0265651
0078721
14537248
0052948
11012066
0406650
0074256
0824758
0366292
9580138
0118570
2427892
0803061
8305806
14324650
0142192
1880399
1883367
0098987
1524575
0037638
0113211
0100395
3702652
0134983
0280778
0128332
1977895
0040068
0250468
1316540
0166276
0104438
2366608
0106664
7133686
0796375
0055572
3976144
0041866
12383460
0093075
0100740
0398027
0113690
0081318
2319580
0093677
0960890
0417056
5884230
5959980
8150814
0120596
6097798
9675274
0119123
0236640
0117128
1555064
7549892
0361841
0095800
0109951
0219822
3908142
0055798
0070643
0033717
1172571
3705412
0088272
1183252
0048140
1023490
4807408
0056262
0110971
0053172
1999890
0072730
0039631
0059740
0120646
0054443
0097457
7390588
0315824
0780608
3685236
0066819
0077474
18968540
0192731
0373450
0099994
9172422
11100856
1954315
0819714
0110213
0103994
10329614
10687506
7363076
0110963
0252489
0107091
0092605
0071691
0098622
3704538
0118996
0117107
1291465
1391034
21909764
0072901
0047834
0072226
1320082
2268458
0118564
0149691
0839995
0041154
7167630
3011960
0495034
3733778
0098309
0112966
1183374
0960790
0092240
0253614
0348121
1067765
0401233
0402057
3095734
0041716
0105699
6916362
0041699
6062774
5893332
0261289
1395054
0035140
0410730
4341582
13069986
0062824
0345551
0271946
0249380
0059749
8399664
0116260
0398883
2580382
0086373
0038057
0388500
0304711
0054189
0089695
0117628
0409345
2345567
1498569
10183816
0096945
0060862
1948150
7923220
4669296
14315756
10515526
0093624
1082853
0253798
6017942
6980546
0090830
0111419
0028212
6811018
11374902
0075222
0107286
0091538
0250081
2955316
0397044
10691162
1436568
0493264
13529034
0243493
4558362
0107756
0193253
1434435
2535470
0077369
4972062
2474976
3409392
2172935
0466893
0104549
0295289
0119994
0085127
7805960
0893402
0382330
1194238
3296908
1457765
1292703
0390808
0103793
0059825
0420609
0376105
0191043
3477064
0492389
0040416
2262315
0087075
1911553
0107282
0048380
0373856
2677722
0090655
0102388
0095655
10481868
0080388
0100486
3029558
0090098
9054970
0458364
0105378
0067277
0120514
0475169
1121794
1087578
0054743
7979142
0808185
0117603
0090094
0070233
0120716
1274295
0299117
0082334
7160070
3471098
14814040
0399095
0080009
0892899
6043142
0376479
0059037
0110428
1610452
0805526
6408226
0087175
0075675
1668200
0462244
2179121
0109370
7048622
0455323
9100018
0088117
0047445
0082766
5195412
0314786
1242545
0078243
0097443
0368975
0283530
0052918
1886493
0381971
6225520
0100232
3467412
1054588
9817070
3508840
1535612
0054357
0107426
0120800
0364955
0094035
6864046
15109082
1712192
0860907
0291502
1244659
1194417
0118966
0086525
2752758
0107478
5805752
0063032
0030241
0066993
5566790
0914797
0283426
2063781
6251024
1966566
0453729
0071455
1034385
0845448
6900448
2331047
6439558
0492486
0096018
0074806
0425379
2923316
3658772
3844362
6952960
0058947
0144814
0770772
9357050
8004664
6450186
0039416
0291376
0810827
0082250
0204175
0120820
8009744
0056264
0116860
8907986
0093342
0112887
0118751
0098320
0176783
2309224
8176054
11783766
0414951
0298408
1680045
1648112
0084412
0264761
0961728
0098645
3450900
0367631
0119053
1104733
0037469
6745550
1107860
10199914
1781827
0422272
0432047
1954701
2216240
0102951
0865554
0131646
3906082
0090670
21807222
1396226
4924942
0091445
0337578
6127004
0042895
0099776
0041094
0244000
1375789
0879843
0117958
9248972
0081529
0330229
8144834
0071746
0090888
3125324
0086361
4795124
1392197
0059319
0280460
7919680
2126235
12472554
0089393
3399024
27501039
0104299
2345112
2181831
8949056
0090350
11128440
0087032
0094890
0099180
8134742
0100530
7700730
0064603
0024844
0118826
0108265
6774786
0058003
0319736
0073453
0099160
1103982
9506474
0084695
0049314
0053580
0105217
0462338
1361318
7670212
0103030
0252597
9054192
0089461
0147004
0108148
0800027
3717532
1833844
0349467
0051525
2094064
0054067
0094606
0279111
0091578
0047677
0101787
0068154
0090248
0089424
2452150
0090583
5466186
0048452
3480796
2212008
0320244
1294213
0064940
1588895
0811106
1756750
2844798
0081059
5029608
5460658
0060675
0205873
0110631
1878841
0050468
0071487
13872248
6494418
22444570
3127022
0058576
7469726
0105585
0075612
0077588
0290329
13007592
5774062
2034139
0384369
0066601
3387266
1016075
0053318
7019942
0940709
0082949
1996264
1969062
1275863
1935902
0109035
1316622
0041452
1975159
0051994
0102216
0050371
0089003
11389748
7489816
0088414
0107156
0089543
6957966
0808240
0453671
2679552
5143226
0104114
0101545
2247476
11628854
9614452
1801552
12718300
0263975
0050658
0238883
11390036
3181776
0484877
0035575
2083355
0084302
0085210
2124787
8254556
8510488
7137846
4082068
4009460
1839494
0080855
6988116
0109688
0161083
1550312
2224317
5304464
0997047
3462710
10600398
12298506
1646959
0077578
6380520
0090837
4270516
2027140
0234829
14642626
4693358
0064418
2960930
0297162
4019560
0460890
0098327
0078504
5439812
0034862
0418362
0122541
1534085
1700844
4666726
0114702
0101969
2043933
7529298
7456312
0347332
0094919
0006864
1545754
0349047
6135348
1554091
0114323
3138104
0173716
0094631
0119225
4195278
0091680
0095863
0087910
0418832
0392878
0371735
0386741
5016946
0332658
3748440
8413338
3756788
0094824
0094746
0082474
0089360
0099800
0081698
0330099
0093578
2386237
1694542
2802136
2180477
0119109
0274117
17220704
0399854
1018818
0292542
13207508
0411475
0081696
1483797
16183464
1797504
0076276
0098663
0088708
5923962
0206917
0413015
3742378
4411584
0844457
6777338
0195231
0043949
0118301
0107953
0422295
0346723
1597522
1386691
1931602
0016847
11750282
0089730
6378710
0066740
1701990
4359416
8574252
0057298
7060460
4565520
1183276
6772804
11686490
0102426
0099740
0234000
0870090
0107840
0037515
0105459
1146325
2281159
0271383
0279781
2397461
8597594
2561546
0097235
0041113
3774466
1167660
0137338
0348593
0120724
0111579
0087507
2967006
13204490
0365847
8893974
0114345
0047811
0445336
0106453
0116790
10739666
0201368
6903440
0044391
5789976
3610746
1935194
0255819
6303866
0087727
8338762
0020697
3173910
13130760
0090095
2962876
3775086
0111477
0389957
0060934
0296574
13491678
1705772
0091939
1252596
0091799
0125454
1287468
0499603
0783238
1588337
6905696
0115862
0119718
0116552
1371155
0055304
1841642
3107166
1698648
4430136
0036112
0059170
0448075
0052572
1185420
0951335
6866224
3628584
0422320
1319718
0309820
14402926
0417791
0494271
0120741
1911662
7167686
9248940
5147214
0875595
0120662
3560686
0023622
0059017
0082427
0108526
2315596
0816436
0082966
1996310
15153532
13651628
0117119
0046187
15215512
0046345
0062759
15268244
11394332
0109936
0019421
0484562
0076095
9271672
0906665
0110907
0338512
1667355
7510346
5598292
3832914
3212232
0337579
21279138
0084745
1017456
8310474
0456149
1836944
0358349
13634480
5843876
9420648
10214826
1261047
0338097
0076221
0158714
1725986
0470765
0091993
5662932
4685762
1564777
0145503
0988108
9134216
0119861
1235841
0044672
0102316
1604171
0780567
0110882
0313670
1173745
1718199
8442644
0058333
0117002
2674454
0279064
0115561
2852458
0200654
0114496
0186975
2218988
14463484
3697626
5442456
6879446
0338325
0422093
0042994
1975249
9170516
0058213
0091278
0111732
0057877
8178486
5059406
1609479
0806088
7738784
6336356
1013860
6857988
0092272
1999987
0068421
0893412
0117826
0048956
2234261
2178941
0103850
10515988
1980986
0149624
0785077
13391710
0041996
0062480
0144715
0271259
0113526
2299842
1520498
0113613
0060086
0280720
0485976
0494652
0085615
0326977
0238552
9185206
10930586
7959216
4303340
0363473
1686039
7334528
0053143
0449951
0249241
9737876
21308888
0026174
11947158
0278295
0206013
0114279
1407061
0080610
1128075
0368667
5255710
0186045
0096073
0076085
0325258
0054847
5133308
2499472
0119280
2396224
0052365
1573072
1801051
0048977
0409011
3824648
0240200
9601220
0124595
0200071
0169880
0044916
11364772
0816258
2776878
5012504
0031762
0099204
2404738
7318202
0099819
0044829
0806027
10627584
8615822
0106292
0163983
0352520
0080354
0068931
0060424
0488478
1032819
0093857
4081630
0022835
0106941
0429715
0319769
0473188
5229228
1135525
0117774
2503154
8590896
1935897
0118055
0094739
1226240
3838992
0100828
0038166
6019206
2265534
0282120
1937118
0284137
0240900
1791614
2006040
0850253
0192111
2072230
0120906
0384819
0186589
0086619
0119375
0211946
6828390
0116095
6101820
0217756
4006302
10276470
5968274
4266076
12788488
6193408
1661420
2852406
0976222
0020640
1922685
15789472
1260502
1572491
0099012
5776208
2099556
3991412
8041276
0444182
0104265
0402850
1663143
5689068
7545266
2465146
0974014
1213012
1673697
5628302
0031867
12861850
0081777
3759416
1925421
1528313
4530884
3296658
0119210
3327624
0120152
0246544
2409818
0050766
0102343
0101318
14153080
0087233
1216520
3479316
11651796
0075276
8907992
0339412
13406136
0157472
0040636
1519461
2393827
1602472
14888874
0042788
0417658
0378072
0096913
0108451
0249371
0103923
0038969
8461224
0107096
7027278
0235679
0189584
0203632
0059885
2093991
1518812
4721124
1142433
0353489
0015064
5117428
0110771
0083806
0381348
0258038
11125620
0107983
6063090
0063678
0059274
2436516
4432480
0120207
6556890
0772193
0109305
0421051
7541106
4652650
5713232
0216625
0995829
1441940
0827517
0815178
8129806
1570989
0089961
0961722
2667380
1119191
4503598
0280653
2168910
11762434
0400426
0107315
0095801
0080520
0145893
0129280
1270835
0087578
0273435
6433880
0094663
0357111
2372251
13022984
0053925
5164438
0118632
2517658
0378897
0106341
0062695
0104545
0298744
0126604
0113537
2090465
1854236
2414766
7616148
0339840
0085478
0028096
3622110
1985981
0050798
0030287
19755170
0067372
0808339
0452643
13349716
1087461
0071524
0095348
0063611
2103264
0441881
4468634
0080391
0032143
0930083
0060959
22488728
0079095
0096098
2417712
9907782
0021577
0089421
5034266
0460810
6173990
0085743
0110687
9024106
0162973
0179098
17527468
0363780
2582500
11252440
0102293
0056412
1185266
0220832
0289635
2032557
1653690
1545759
4120176
10534500
0420509
0255589
18073328
4936450
0082416
0120834
0077362
0064782
10265034
6040662
13097336
0175526
0825236
0110123
0059229
0066892
0981072
0037101
0805184
0048641
0111400
0218553
0033891
0062407
11375428
0210065
0455326
15509244
0269389
0420206
0134154
1462667
0028333
0092214
5175450
0069895
11307814
0374339
0120831
0082242
0204137
0081974
0091875
9898858
0096219
0419198
1795702
0902955
3014666
0028772
0037865
0167456
9608818
0412798
1231277
4600952
5179598
0059550
0437777
0071910
0042530
0205177
2948790
0069747
5270948
0084809
13070602
0097289
0313196
8085790
0051337
0831888
0096870
0331952
6299040
0070130
6474040
7026666
8535968
0458367
0074749
0160611
0102555
13056052
0110759
0109842
0095488
0471571
8521718
0144201
1486193
0108539
0120764
8333746
0095560
0084934
2351310
0857376
0112744
16280138
4192740
0480239
3029556
0032701
0080310
0093209
0092804
0132512
5085924
1456472
0029162
0023042
1341710
0088024
0021079
14176542
10262648
0120728
5952594
21983758
0119361
0116707
0064612
1632547
0033152
0053137
15006566
3622120
11127690
0104181
0959329
2650978
0238924
5539054
0098575
1552224
1422032
1134629
3877674
5164184
7781432
0022158
0119086
4411504
3702996
10343028
0082269
0424908
0037988
1212974
0018578
0073000
12889404
7957694
5301942
2570858
0088083
1032856
0120857
0112625
5225338
6920356
0062687
0105211
3793788
6149154
0113321
8963708
2217859
3714720
5312232
1054580
0397619
0285861
0765447
1808197
0109484
0326769
0099762
0455362
0120540
0116531
0481797
0104695
0057590
0066831
7074886
2032572
0451850
0056059
0068612
0359423
0156794
5254610
5071886
0379306
7615302
3216348
13234058
4009278
0097758
1756476
0078492
2193265
1180583
0079579
0498097
1264904
0480269
0112571
0187696
0085780
6692354
0418647
10687116
3478962
0119594
4731148
0113451
1572311
4163020
12335692
7465992
0097390
0318283
0306434
2210479
8376234
1182921
0161860
0259484
3742284
3825638
0037635
3678938
5073620
7721946
1828995
9139586
0073692
0235060
1311060
0055913
0105466
0088979
8820590
0844993
2459156
0070294
0243862
0405821
0101786
2883434
0055895
3754940
0119381
0078872
0076054
0222012
2229842
0096426
0060268
3138782
0395119
4501454
0093412
0461703
0119670
11169050
0033373
6523720
0091159
0080130
0069280
2375574
8829830
0126250
0076734
0992911
0213790
2017561
0063035
3802576
5867800
0239949
4720702
0095715
0105636
1523483
1217213
0209933
12519030
10456740
0061847
0048445
0256276
0092654
0314067
0075147
0054460
10919240
0250310
0477078
1629374
0012364
3646462
0087015
0810823
0096094
0265808
4799064
0113010
0496436
0184526
0267287
8119752
1433810
1198101
1836808
0783640
0275773
3100274
0023238
0049096
0069191
2296777
0906108
4084744
5340300
0106761
0067541
4814290
0283632
2678948
0061770
0069697
0233422
0111418
8231668
0471030
0220580
0097328
0060802
5159414
0964185
4859168
0412536
11240506
0100594
0105271
0376108
1785635
4960748
1640711
0120710
0114134
1183251
17592606
0104073
6206564
0961108
0058135
1536048
0089901
0112750
0808331
12393526
0090852
1523486
0085862
9500372
4558376
0425601
0116630
11703244
0112553
8366590
0075925
0091341
0027652
0052738
0145547
1558877
7464188
0365125
2271563
0081617
13978306
14614892
1865569
0097044
11681250
1313139
0184907
0795441
1075419
11700260
0111667
0058715
6588966
0407621
10333912
8378126
1451409
0213203
9000184
7897330
0057603
0489327
2716382
13061914
0361925
1049402
0023563
7645122
0040662
0039417
0099817
0100168
6288694
1129445
0066301
7042862
1179794
1476425
0322420
14668630
1772424
10340562
0040536
0109198
0036027
2465578
0057490
0323120
1661820
0089346
0151568
6367558
3859304
0120868
0499262
8456098
0112769
0252591
13045890
22695402
0165078
7601480
14781036
0309912
3495000
4824308
0102592
0086859
0069865
0475937
6372694
2989524
11426232
3661394
0067893
2064968
14458442
0492619
0166943
4059702
0094747
14121726
0117372
0081184
0944834
3671542
0116151
1422020
2784936
2458106
0807758
1756799
1405810
6277440
6684714
0338077
0023027
9779516
0845439
5842616
1287878
1373156
0448124
2639344
1634136
0074258
1238291
0829297
4714568
1718924
0120786
3896738
15486810
0264323
0063663
0275230
2376218
0423409
4727512
0286306
0045758
3799372
1838603
0060584
0323939
1817771
0041719
8105234
1658801
4106514
2282016
0099797
0057449
0259534
1126596
0047892
0453548
10341034
0288439
5592878
2458948
0100201
0162983
0479647
0118744
1068678
0245046
0072783
0089603
24068064
0899128
2112096
0117496
1725795
0107004
0430576
0869977
0466816
2258281
0211938
15090124
0478024
0052080
0384504
0083642
0435623
4562518
5222918
0039661
0100928
0485510
0101649
4309356
0066249
1133991
1196956
9308382
0040979
2055765
0111001
0964516
0049966
0365675
0120882
5709188
1581835
0469111
0076504
0017075
1705952
0465430
1770734
1029120
0089960
0096118
3729920
0057251
0087921
0449086
2101570
0101627
0123209
7125774
0083739
1077248
0073198
0120520
0115819
0499487
1230448
0113097
15516726
0475723
0100095
0106471
4560008
0267129
6386748
9124428
0060232
0256103
0094138
0043686
8908002
0036872
0340012
2505294
10308928
2358592
0110516
0395125
1777034
0079271
2707858
1037218
1843287
2806788
2330322
1859446
1331307
0097179
0165623
4486986
0057495
0869994
0450336
11958344
0065889
0362004
0063555
0073636
0055257
11199410
8439854
9731682
0087747
1646926
15218000
0222812
1629715
0077889
0094793
0110538
0024034
1634013
0033836
2668134
3541262
6878378
1142800
3208026
0758771
0102517
0497986
0018742
7608534
0042369
0111323
4867110
0100934
0058404
0085271
8045906
10714856
1784575
0095652
0052151
8430598
1533117
0075265
0368222
14145426
0069687
0079871
7178640
21940010
0396592
0091495
11772746
0093793
1411664
0157262
0280969
0089208
0844671
0255067
0035169
0098360
0076929
6610158
2304426
0061996
4844140
12672536
1121977
2025526
1153706
0077451
0800956
1235448
3569782
19652910
5690810
1447508
0065761
2070776
0078252
0031398
3164256
0086129
0101453
6902696
0120125
0361668
0049038
14002046
0109327
5979872
1407084
0099611
0378284
21307994
0066491
1282139
0120776
10404944
1712159
0082951
0076150
0243255
0113083
0047422
0079638
4771896
0451833
0098471
1410051
1810697
1965272
6428676
0069341
0083550
13236566
0454084
4193394
10895556
0097050
10808832
0090660
0371552
0796302
1183732
6892400
0080472
0117364
1701210
0058567
1532957
2852400
0081748
0377084
2091478
0040613
8108200
0101821
0110093
0792965
0068519
1757746
7736478
1403988
1645131
0069897
15463032
0053793
3859980
0120390
0972883
0058548
0462395
2885364
0389328
7209472
5616294
0105399
0085327
8195518
0092546
0044953
6237612
0045943
0762138
14592948
0120604
5310090
0317132
0081071
0074442
4065552
8869978
5941692
4298958
0092906
3142764
0023293
13249596
1606384
10698174
0051406
0024894
2180994
0367188
0465436
5207158
0851577
7256866
2070862
5294966
0110917
0120321
0078111
10457128
2226162
0469754
0113347
0065051
0080040
0097967
13066182
0087231
0042619
0974613
0089280
0031225
0433442
1643222
1879032
6803212
0443496
0099697
4158876
3202202
1657299
0049456
9541602
1270842
0196857
0482603
0094118
0042451
10661848
5751998
7063210
8160834
0095107
3263614
0410369
6643972
3322892
0118539
4114744
3614516
1552211
0110647
1780762
0053270
1477855
11204094
5884234
1817081
8269248
1837636
0090667
5221894
0092974
0051383
2524674
1734110
5082014
0077914
0050280
0082748
0065772
1631707
0276830
0045537
0014341
5334704
0488658
0464160
0438859
0780534
1182972
0042531
0045296
0476958
2314824
0064816
0068713
15374070
4180560
0111341
0090315
0067656
10384744
0120769
0119311
0091188
6445414
1161418
5290524
0046754
0086935
0098097
1014672
4876134
0115693
0054749
0107529
0215545
2077851
0858486
0158493
0425326
7851428
3053228
0080117
0762121
0042276
0878695
0084719
0040823
1667321
0473356
0039694
0466856
0051878
6067752
0462229
1314652
4769824
3859310
0380066
0045883
2920808
0093220
0100142
0085542
6495770
0132910
7869070
0357110
6704776
0402158
0101985
0052905
0037415
1328634
3263946
0035979
0056512
1990181
0075648
1575694
0423169
0427582
0031455
0104926
2935564
0074103
14217100
10199640
1525890
0029850
9586294
0787523
0053146
0094612
1104806
0102598
1544608
0096461
0103950
0116410
10644708
0082776
6537238
0105017
0107630
0118863
0031210
0048347
3082898
4944596
5076214
0790804
1132449
4191054
0103130
1455811
1188113
13795296
0105130
7745068
0485323
5555502
10598156
0306734
0250323
4935418
0209463
0070791
0926063
2205401
0097889
0050356
6143568
1741243
0379976
1231287
0091396
6169694
4382872
3517870
0119142
5181830
1565958
10303324
0420901
11040844
1674773
1483831
0114671
0066344
0086450
0027260
1390535
0058092
13269536
0065466
4061620
0216800
0046511
0071935
2404465
1273221
0190419
11284280
9625664
0455612
0308878
0060277
8737152
5700224
0105616
8433210
6317656
0114885
4618398
0070077
1745787
3289712
2952602
1762399
2085930
0258760
0214915
1175506
1673702
4375438
0765833
1242447
0065622
0352277
0079672
7058080
9794630
0142236
1123373
10098448
4419364
0073092
1757742
0063285
0194314
0061781
14867006
19653180
3921314
0274711
0048342
1132285
3233418
0494834
8299768
0035211
0074906
0456470
0249516
1859522
0068334
0085346
2571140
1059836
4991384
0202402
0119784
7476116
2115295
0149601
0093278
0379370
0088015
8739752
6020800
1692190
0077288
14714980
0086423
6760876
3688406
2436682
10888708
0019702
0054821
0070842
5539052
5699154
2865120
3013602
13087796
0976060
0059043
2481480
1447972
13446168
0156841
2292959
9877170
0142242
0110612
0093713
0058089
0386342
0087451
2358911
0071110
7312940
0061369
0118073
5729348
0168501
0090930
15710136
0234354
0252619
1291566
0066549
0119114
0064117
1179258
15353964
8058874
0074559
0878835
1241195
1097643
0018737
0352343
0119196
7158430
0117283
0062873
0072860
13539646
0497972
0086973
0339579
4129870
27197387
1974420
5173032
1540741
1756851
1995341
0067334
0285728
0101846
1124052
0116322
1111948
0063121
8858104
5690142
8709036
1680136
2495118
6508228
0117615
0061138
0329388
10741542
0082351
0386820
0133024
0404802
0345549
0101420
0053131
0165546
0073012
0077530
3038708
1854513
8883486
1111890
0243609
0468094
0171685
5075662
0988849
6506264
0806147
0800003
8743064
0093780
8959820
0116289
0112302
5460880
15680228
0979434
2582498
6972140
0488988
0486578
6793580
6843812
4370784
0184756
0016332
0265632
0784972
0268690
0086508
0099426
3170902
2468774
5456546
3839880
0062952
0103747
0075809
0116311
0071517
0107889
0031448
2690138
6675244
1640484
0068240
0120070
0365265
3836512
0110329
0085180
0111201
0082736
1075110
4107858
9853500
12415546
0023694
2926068
0110363
2429074
0104647
0155753
0118804
7204348
3339674
0102164
0116168
2617676
0088915
0031385
0286261
10399608
0330243
0938341
2380331
0411267
2036416
2358913
1808454
0059245
1368116
14349032
2315582
3212904
0089470
10332588
2071613
0052902
0210075
0031951
0079180
1322385
6473066
0240913
0074991
13793230
9005184
1891755
0094082
8075016
0325596
0324197
0160484
0076683
1355546
6087226
1913166
0046247
0383846
3001638
7758160
2312890
6201292
1274586
0290212
0445935
2330866
2012011
1336006
0164108
0906734
0160236
2215285
6842770
7468056
0095936
0029284
0094008
9815554
5215088
0039224
8233874
0252480
0052216
2049543
1521848
1107319
0337721
1173687
0119448
0083336
4129428
11213372
0119080
0139876
0275083
0485241
0119227
12592252
13364468
7978758
1802197
1350498
0763840
0103791
0116743
0325055
1760967
0937237
0092115
0192255
1918734
0041841
5360996
0066214
0434008
2364975
2150209
0200469
0046889
3774790
0062168
2160105
3862750
0102303
0902290
3859272
0094057
0033922
6204340
3771536
0109504
0098519
3584496
0405743
0072951
0952682
1417075
2954474
8193790
2877108
0052600
0037595
0087481
5498354
0112288
0092501
4217392
3830162
0054195
9738784
0093036
2933544
0100024
0088146
1097013
0840322
6522546
5114588
9098938
1578882
1427298
1935302
0308353
0094924
0074360
0094357
7420342
0081506
0279889
0110570
1545304
0039677
0446687
7279188
0102900
2186812
0139362
0116722
9026184
0367859